1400
10500
1700
1500
1600
2000
2100
2300
2500
2800
3100
21800
3600
3600
3800
4700
5800
4700
4900
5100
5700
5600
10500
8500
7800
6800
7300
7500
11400
7900
8400
8800
16900
8600
8600
8900
11500
9600
9900
12200
11700
10600
13200
10800
22800
8700
7200
7200
9100
7600
7800
9000
7600
8500
7400
9000
7700
7900
9200
13100
4600
4700
4700
5700
4800
5300
5100
5000
5600
5400
5300
5500
5800
5400
5600
5700
5800
6800
6100
5900
6100
6700
6400
6100
6300
6800
6400
6600
6500
6500
7100
6400
7000
7200
6900
7100
7400
7200
7300
7300
8100
7500
7600
12200
8500
7800
10400
7600
8000
8100
11700
7600
8300
8900
7800
8800
8800
8400
8800
9400
8600
9200
8500
8600
9400
9100
10200
9600
8600
9900
9100
9500
9800
9500
9500
11500
9700
10000
9800
10300
9300
9900
10600
9600
10800
10600
10300
10900
10500
11700
11100
10600
8300
3900
3500
3500
3600
3500
4000
3600
3900
3600
3600
3600
4100
3700
4200
3900
3800
3700
4300
3800
4200
4000
3900
3900
4300
4100
4400
4000
4800
4000
4400
4200
4500
4100
4100
4600
5400
4500
4200
4300
4200
4600
4300
5000
4500
4500
4800
4400
4900
4400
4500
4900
4500
5000
4700
4600
5000
4700
5200
4700
4600
5100
4800
5200
4800
5300
4800
5300
4900
5800
5200
5100
5300
5000
5100
5400
5100
5700
5100
5600
5100
5500
5100
5600
5300
5600
5300
5300
5700
5400
5900
5400
5800
5400
5900
5600
5900
5600
6100
5700
14900
1600
1700
2400
1700
1700
1700
1700
1600
2000
1700
1700
1900
1800
1800
1900
1700
1700
1800
1900
1900
1700
1800
2000
1800
1900
1800
1900
1900
1900
1800
1800
2000
2600
2000
2000
2000
2100
2000
2000
2100
2200
2100
2300
2000
1900
1900
2100
1900
1900
2000
1900
2000
2100
2000
2000
2000
2100
2000
2200
2500
5500
2000
2000
2200
2000
2000
2100
2000
2000
2200
2200
2200
2000
2100
2100
2200
2200
2200
2700
2300
2200
2400
2200
2200
2800
3500
2900
2600
2700
2300
2200
2300
2200
2200
2200
2200
2300
2600
2200
2700
2500
2800
2400
2500
2500
2400
2300
2700
3000
2300
2400
2300
2300
2400
2400
2300
2300
2400
2400
2500
2500
2400
2400
2500
2400
2500
2400
2500
2400
3000
2900
2400
2500
2400
2600
2500
2400
2800
2600
2500
2600
2400
2800
2600
2800
2800
2600
2500
2800
2700
2500
3500
2900
3000
2500
3100
2900
2700
3100
2600
2700
2600
3300
3000
3100
2600
2600
2600
2700
2700
3100
4200
2700
2700
2600
2700
2700
2700
2800
2700
2800
2900
2700
3600
2800
2800
3000
3000
4000
3500
2800
2900
2900
2900
2900
2700
3000
3600
3100
3100
3000
3000
3200
2900
3000
3200
3100
3300
4000
3200
3100
3000
3100
3300
3100
3300
3100
3200
3400
3300
3200
3700
3100
3600
3400
3900
3200
3200
3200
3100
3100
3000
3600
3100
3600
3300
3400
3600
3100
3500
3300
3400
4700
3100
3500
3300
3100
3300
3300
3300
3400
3100
3500
3200
3500
3100
3600
3500
4000
4400
3600
4200
3800
3600
3200
3500
4100
4400
3600
4000
3800
3400
3500
3500
4800
3600
3500
3500
3400
3500
3500
3400
3300
3600
4100
3300
3300
3600
3400
4400
3400
3400
3600
4000
3600
3600
3800
3600
3900
3500
4000
3400
3900
3600
4500
3800
3700
3700
3900
3900
4000
3700
3800
3900
4400
4000
3800
3900
4600
4300
4600
4500
4400
4700
3600
4000
4000
3700
3900
3600
3900
3800
4000
5000
4000
3700
3800
3900
4400
3900
3800
3600
4100
3800
3900
3800
4700
4100
4100
4100
4200
3800
4100
3900
4300
4200
3700
4100
4100
4200
5000
4500
4000
4700
4700
4000
4400
4500
3900
4100
4100
4500
4400
5500
4300
4300
4700
5200
4400
4500
4600
4000
4200
4300
4100
4400
4800
4200
4500
5400
4600
5100
4300
4500
4100
4200
5200
4200
4500
5500
5100
4200
4300
4300
4300
4300
4700
4700
4700
4300
4600
5500
4800
4500
5200
4400
5000
4500
4500
4500
4300
4700
4400
5100
4300
4900
4400
5000
5100
5000
5300
4200
4800
4500
4700
5500
5200
4400
4300
4500
4500
4500
4500
4500
5600
4700
4600
5600
4500
5100
5000
5300
4400
4600
4700
4700
4700
5000
5300
6100
5400
4800
5100
4800
5200
5200
5900
5300
5000
6000
5900
4900
5400
4600
4500
5400
4900
5500
4800
4900
5000
5100
4900
5100
4900
5000
5100
5100
4600
5100
4800
5100
5700
4700
4900
5800
4700
4900
5200
5000
4900
5100
5700
8600
5300
5600
5000
5300
5200
5000
5100
5500
5100
5000
6100
5100
4900
5000
4800
5000
5300
5200
5200
5200
5000
5800
5900
6300
5400
5200
6000
5300
5400
5400
5000
6000
5200
5400
6100
5200
5100
5500
5100
5200
5300
6400
5200
5500
5600
5500
5500
5200
5100
5100
5300
5100
6500
5300
5400
5000
5200
5200
5700
5600
6100
5100
6800
5700
5900
5600
6300
5500
6100
5600
5500
5600
6700
5400
5300
5400
5300
5500
5500
5600
5200
6200
5800
5600
5500
5800
5600
6000
5600
5400
5700
7100
6200
6000
5400
6000
6000
6800
6900
5800
5700
6000
5600
5600
6000
5600
5700
5800
5900
6200
6900
5700
5600
5600
6000
5800
6000
5800
5800
5700
6600
6400
6100
5800
6200
6100
6500
5600
5800
6800
6200
6200
5900
6500
5700
6000
8400
6300
7400
6400
5600
5700
5900
6200
6900
6100
6500
8100
6300
5900
6000
6100
6300
5900
6600
6500
7900
6500
6500
6100
6300
6500
6000
6200
7300
7900
7000
6400
6200
7200
6300
6800
6500
6400
152400
6200
7800
6600
5900
6500
5900
6400
5900
79000
6000
7200
6300
5800
6100
6100
6800
42900
8600
8600
7500
6400
6100
7600
6400
7100
62800
6100
6600
6300
6600
6000
6300
6400
34500
6800
6400
6600
6300
6300
6400
9200
6700
61900
7300
6400
6100
8000
8000
7600
7900
44100
6300
6300
6200
6500
6300
6300
6600
29100
6900
6700
6300
6400
6400
6500
6200
7400
74700
6400
6400
6600
6700
6500
6400
6300
62300
6700
6800
6600
6400
6400
6500
6700
56500
6800
6800
6600
6500
6500
7400
6700
65100
6900
8300
6600
6800
7100
6600
6800
59600
6500
6600
6600
6600
6800
7200
6900
66000
8500
13600
8700
7400
10100
7100
7300
83600
6900
6900
6800
6700
6700
6600
6700
102600
8000
7400
6800
12900
10400
7100
40300
7000
6800
6900
7100
6700
6900
6700
60400
7100
7100
6800
6900
7000
7000
7100
84300
7300
7000
8400
7600
7200
7000
49300
7000
7200
7000
6900
7000
6700
6900
82800
8400
7400
8300
7300
7600
7200
58900
7400
7900
7600
7700
7300
9400
8200
92800
7300
7000
7200
7800
17500
7300
57200
7500
7100
7000
7000
7000
7300
43700
7800
7400
7100
7000
7100
8700
7300
84700
7300
7200
7100
7500
7200
7200
68300
7300
7200
7300
7200
7400
7200
59400
8000
7300
7500
7200
7500
7600
57000
8400
7400
7300
7300
7900
7700
47200
9600
7900
7600
8500
7400
7300
42900
7700
7300
7700
5400
3700
7000
4000
4200
4100
6000
6000
5100
6200
7700
5200
6200
6500
5500
5900
6700
6300
5500
6600
6500
6000
6200
5900
6500
6100
8400
6300
6400
6200
6300
6000
6200
6500
5900
6600
6300
5200
6000
6700
5700
7300
5700
7100
6000
7000
6600
6400
6000
7800
11700
6000
6100
5400
6200
6200
6000
5600
5300
5700
5600
6600
5800
10700
7300
7200
6500
6000
7100
6700
7000
7500
5800
6600
7100
6800
7200
5600
7600
9700
6900
6100
6500
6700
6200
5900
5600
6000
5300
5800
5800
8400
6700
6700
5900
5300
5500
6100
5700
7900
6300
5000
5100
6000
5600
5100
5500
5400
6100
6700
5700
5300
5200
5400
5600
6000
5800
5800
5500
6400
6000
5800
6600
5900
6300
5400
8600
7600
6300
6600
6300
7500
7200
6200
6400
10700
6300
6300
6700
6200
7100
5900
10500
6400
7500
6000
5900
5500
5900
5600
5400
5900
5700
6000
5900
5900
5400
5500
6500
5500
6300
5300
6700
6300
5600
6100
6200
5700
5400
6000
5700
6000
5300
5800
6600
5500
6200
5500
6200
7400
5900
6700
6700
6300
6000
5700
5500
4800
6100
6900
5900
6600
5900
5800
7300
6700
6700
5800
6200
6600
6400
7900
6300
7400
6300
7100
6700
7200
6800
6700
7100
8000
7300
7000
6800
7600
7000
8600
6700
6500
11700
6900
6500
6900
6400
7600
7500
6200
7600
6500
7700
7100
7100
6600
6600
7900
8400
5700
7100
6400
6800
6200
6200
6100
6400
7200
6600
6200
6500
6200
6500
6500
6200
7800
6100
8000
6400
6700
7200
6300
6100
6600
6500
6800
7100
7700
6600
6200
6600
7300
6600
6800
6700
7000
6600
6600
7400
7300
6900
7100
7300
6800
6100
6400
8100
7500
7000
6800
6800
7600
6300
6600
6700
7400
6400
7500
6700
7300
6800
7900
7700
7900
6700
7500
6700
7400
7200
7000
9600
10200
6800
7300
7500
7400
8700
7200
8400
8100
7900
8300
7500
8400
7900
8500
8000
8300
8900
9300
8100
7800
15100
12700
7400
8100
7800
6900
7600
7700
7200
8800
7400
7300
11200
7800
7700
8300
7500
8900
7600
6700
7600
7500
8000
7400
8400
7800
7400
8800
7800
7700
8000
9000
8000
7700
7900
7600
7700
7400
7100
7000
7100
6900
6500
7400
7600
8100
6900
8100
8700
7100
7500
7600
8600
6700
6900
7200
7600
7100
7200
7700
7500
7500
7100
7400
7000
6900
7500
6900
7800
7200
7300
7200
7600
7200
6800
7800
7700
7300
7400
8300
7100
7300
7000
7300
8200
8200
8200
8200
8000
7700
8900
7500
8500
7200
7800
7800
7300
8000
7400
7500
8300
8100
8300
7200
8900
8100
8600
7800
7100
7700
8600
9300
18300
15600
11400
8400
7600
8500
8300
8500
9300
8200
9000
7800
9400
9600
8800
11700
11000
8200
8800
8700
10600
9100
8300
8900
7700
8900
9000
8300
10000
8700
8400
9300
8300
9400
9300
10700
8600
9100
8600
10200
8500
8900
9300
8700
8700
9900
9100
10500
8900
8900
10300
9800
9600
8800
8800
9300
9200
9000
9000
8700
9300
8300
9000
8100
8700
8800
8000
8600
10000
9600
8100
9500
8700
9200
10100
9400
9000
8600
9000
8600
9100
8700
8900
8500
10400
8900
8400
8700
8300
8300
8500
9100
8600
8600
8700
9500
8900
10000
7900
9200
9800
8600
8800
10900
9900
9100
9600
10000
9000
10500
9400
9100
8900
9500
9300
9000
8700
11300
39200
9400
8800
8900
8400
8300
8700
9100
8500
10100
8800
8700
9100
11100
9200
9000
8600
10100
9900
9900
8800
9400
9200
9100
9900
8500
11100
9600
9300
9400
10000
9300
9700
9300
9100
9400
10300
9700
8600
11000
10900
9900
9600
9200
9700
8900
9300
9000
9400
8900
8900
10700
9600
8500
8600
8500
8900
9300
9000
8900
8500
10300
8900
9900
9600
9000
9300
8200
10200
10300
9100
9000
8900
9300
10900
10100
10100
9900
9600
10300
11200
10000
9500
9000
9500
9100
9100
9300
10000
9000
9500
9200
9200
9500
9600
14700
13000
10500
11300
9200
9900
10400
9300
11000
9400
9900
10200
9800
10000
9100
9900
9800
10000
9900
9600
9300
10700
10000
8900
10200
11000
11700
12100
10000
9300
9800
11100
12000
9900
10300
9600
11200
10200
10100
8900
9500
9400
9800
9500
9700
9300
10400
10000
9000
9700
9900
10500
9100
11600
9300
9600
11600
12200
10200
9900
10400
11600
9200
11100
10700
9700
9600
10000
11600
10200
10200
11400
9800
9500
10900
9500
9600
9500
11300
10000
10300
9900
9800
11300
11600
9600
10500
10200
9500
11700
9500
15300
12500
14100
12700
10500
10300
12200
10400
13100
19800
10700
11800
10800
15800
12900
9500
10500
8900
10900
11000
10000
11400
10200
11400
10400
11000
10300
9900
10100
11700
10900
9300
11900
11300
10900
9900
9600
9600
10500
9800
10200
11800
9400
10200
10800
9900
10100
9400
10100
11600
9600
10400
9600
11400
9400
10400
9800
9600
9400
9600
9700
9600
9600
11500
9400
10400
9500
12000
10000
9400
9600
11100
12000
10100
10900
10900
10900
11600
10800
10100
9900
12200
11600
9600
10300
